test/files/esriiasc/dtm_flanginec.asc
NCOLS 355
NROWS 361
XLLCORNER 1637140.0
YLLCORNER 5110830.0
CELLSIZE 10.0
NODATA_VALUE -9999
[rows 160 to 179 of 361, columns 0 to 43 of 355]
1048.8699951171875 1048.43701171875 1048.988037109375 1050.5350341796875 1051.345947265625 1053.7490234375 1055.68603515625 1056.487060546875 1059.1419677734375 1062.5379638671875 1065.3570556640625 1068.197021484375 1071.68701171875 1076.405029296875 1081.2099609375 1086.904052734375 1091.5830078125 1096.2149658203125 1094.18505859375 1095.3890380859375 1098.6219482421875 1101.4110107421875 1104.7679443359375 1108.1300048828125 1111.5970458984375 1115.2989501953125 1119.2879638671875 1123.1920166015625 1127.656005859375 1131.875 1134.2099609375 1136.35205078125 1141.7030029296875 1144.83203125 1146.16796875 1146.0179443359375 1144.76904296875 1143.2640380859375 1142.031005859375 1142.758056640625 1144.8079833984375 1148.449951171875 1146.5989990234375 1142.7989501953125
1043.5469970703125 1043.550048828125 1043.3070068359375 1045.48095703125 1046.9930419921875 1050.094970703125 1052.2039794921875 1056.39404296875 1060.364013671875 1064.198974609375 1067.0760498046875 1069.637939453125 1073.0479736328125 1078.0660400390625 1083.1729736328125 1088.5579833984375 1091.5460205078125 1095.81201171875 1093.9940185546875 1096.68701171875 1099.9189453125 1102.0379638671875 1104.136962890625 1106.1219482421875 1108.885009765625 1111.75 1117.5150146484375 1120.989990234375 1125.6390380859375 1128.677001953125 1129.7359619140625 1134.676025390625 1139.490966796875 1142.489013671875 1140.9169921875 1139.447021484375 1138.3759765625 1136.7239990234375 1135.43798828125 1137.1209716796875 1139.697021484375 1142.52197265625 1140.123046875 1135.93701171875
1037.4940185546875 1038.074951171875 1040.3179931640625 1040.9949951171875 1043.9969482421875 1046.81103515625 1050.9949951171875 1057.2359619140625 1063.614990234375 1066.5830078125 1068.6710205078125 1070.446044921875 1074.373046875 1079.782958984375 1085.136962890625 1088.3570556640625 1091.509033203125 1094.9930419921875 1097.8399658203125 1099.7860107421875 1101.217041015625 1101.45703125 1100.4639892578125 1101.0830078125 1105.251953125 1109.375 1113.7869873046875 1116.928955078125 1122.8719482421875 1123.8719482421875 1126.623046875 1133.467041015625 1132.7049560546875 1135.177978515625 1134.5389404296875 1133.824951171875 1131.1700439453125 1130.10595703125 1128.56396484375 1129.498046875 1133.35400390625 1136.1939697265625 1133.14404296875 1130.0880126953125
1033.3280029296875 1035.0439453125 1035.866943359375 1038.719970703125 1043.81298828125 1048.822021484375 1054.6650390625 1060.5069580078125 1066.176025390625 1067.845947265625 1070.2659912109375 1072.0 1075.72900390625 1079.5419921875 1083.5760498046875 1085.6639404296875 1089.0460205078125 1093.7030029296875 1098.35595703125 1098.468994140625 1097.1719970703125 1096.4830322265625 1096.1820068359375 1096.510009765625 1101.9189453125 1107.4930419921875 1110.251953125 1113.6409912109375 1117.14404296875 1118.875 1125.093994140625 1127.041015625 1127.751953125 1129.4029541015625 1126.3280029296875 1126.490966796875 1124.6519775390625 1122.907958984375 1122.291015625 1123.9930419921875 1125.8790283203125 1125.092041015625 1122.5880126953125 1120.0030517578125
1029.5260009765625 1031.06298828125 1034.125 1041.6219482421875 1047.8900146484375 1051.947998046875 1054.9029541015625 1060.791015625 1065.73095703125 1067.9219970703125 1070.1689453125 1070.2740478515625 1072.092041015625 1075.1600341796875 1078.8819580078125 1083.2159423828125 1085.8759765625 1092.010986328125 1094.95703125 1092.842041015625 1091.927978515625 1090.6629638671875 1092.10595703125 1094.5689697265625 1100.0660400390625 1103.656005859375 1106.43994140625 1109.2989501953125 1111.4759521484375 1115.5450439453125 1122.614013671875 1119.9549560546875 1125.1829833984375 1124.6180419921875 1119.925048828125 1120.166015625 1117.178955078125 1115.012939453125 1114.094970703125 1115.1629638671875 1114.95703125 1114.8160400390625 1114.18701171875 1114.885009765625
1026.281982421875 1029.0240478515625 1034.616943359375 1041.404052734375 1047.93603515625 1052.6409912109375 1057.0439453125 1060.9110107421875 1065.051025390625 1065.2249755859375 1065.3380126953125 1066.697998046875 1069.468994140625 1072.7760009765625 1076.5989990234375 1082.1839599609375 1085.780029296875 1090.56396484375 1089.72900390625 1088.0439453125 1086.675048828125 1087.616943359375 1089.64599609375 1093.3499755859375 1098.93798828125 1099.333984375 1102.375 1104.9859619140625 1108.344970703125 1109.9749755859375 1111.616943359375 1112.073974609375 1112.362060546875 1113.60205078125 1110.136962890625 1112.47900390625 1109.761962890625 1107.75 1107.4820556640625 1106.5770263671875 1106.10400390625 1105.7440185546875 1105.9820556640625 1109.18505859375
1026.614013671875 1032.06298828125 1037.448974609375 1042.60595703125 1046.7779541015625 1050.8160400390625 1054.9539794921875 1059.2340087890625 1059.8990478515625 1059.7469482421875 1061.5479736328125 1065.1689453125 1067.8990478515625 1071.2939453125 1076.4200439453125 1082.10400390625 1085.5340576171875 1085.616943359375 1083.9949951171875 1082.5560302734375 1082.092041015625 1083.8990478515625 1087.8260498046875 1093.64794921875 1096.281005859375 1096.1199951171875 1099.0849609375 1102.8189697265625 1105.406982421875 1106.3289794921875 1106.051025390625 1105.06298828125 1103.0269775390625 1101.9420166015625 1100.7669677734375 1101.5699462890625 1101.1390380859375 1102.2679443359375 1101.2960205078125 1100.5050048828125 1100.967041015625 1103.01904296875 1105.4010009765625 1110.5560302734375
1030.3570556640625 1035.989013671875 1037.4620361328125 1042.0250244140625 1045.5670166015625 1048.7030029296875 1052.968994140625 1055.5660400390625 1055.4210205078125 1056.6290283203125 1058.60595703125 1063.3790283203125 1066.9990234375 1071.823974609375 1076.43896484375 1080.75 1081.1689453125 1080.425048828125 1079.7640380859375 1079.3370361328125 1079.6500244140625 1082.113037109375 1086.322021484375 1089.615966796875 1091.0040283203125 1093.3909912109375 1097.0400390625 1099.737060546875 1101.821044921875 1103.532958984375 1101.02294921875 1098.8070068359375 1097.2469482421875 1094.3990478515625 1095.8179931640625 1096.8719482421875 1095.1689453125 1094.344970703125 1094.571044921875 1097.916015625 1100.3609619140625 1104.39404296875 1115.0050048828125 1117.1240234375
1032.10498046875 1033.7550048828125 1034.552001953125 1039.677001953125 1043.616943359375 1047.0550537109375 1050.157958984375 1050.2010498046875 1050.54296875 1052.791015625 1057.092041015625 1061.552001953125 1066.666015625 1070.405029296875 1072.676025390625 1075.1259765625 1074.7469482421875 1074.968994140625 1074.54296875 1075.85595703125 1077.1650390625 1079.7030029296875 1083.1600341796875 1085.52197265625 1087.5699462890625 1091.301025390625 1095.0419921875 1096.8509521484375 1096.9239501953125 1094.801025390625 1092.5589599609375 1091.2030029296875 1089.885009765625 1088.261962890625 1088.572021484375 1089.2159423828125 1090.3370361328125 1092.39599609375 1094.7110595703125 1099.635009765625 1108.77197265625 1112.6689453125 1117.18896484375 1124.6109619140625
1026.8380126953125 1030.1070556640625 1032.02294921875 1035.7889404296875 1040.1290283203125 1042.5699462890625 1044.926025390625 1045.7030029296875 1048.9630126953125 1050.6519775390625 1055.89404296875 1059.550048828125 1063.2359619140625 1065.3900146484375 1068.7860107421875 1070.0899658203125 1070.16796875 1070.9110107421875 1071.23095703125 1072.26904296875 1074.77099609375 1077.60595703125 1080.20703125 1083.698974609375 1087.178955078125 1089.0379638671875 1089.4580078125 1090.8289794921875 1092.85595703125 1088.426025390625 1087.4840087890625 1089.343017578125 1083.655029296875 1083.8480224609375 1084.239013671875 1087.5 1089.8070068359375 1092.157958984375 1098.0069580078125 1107.52197265625 1113.6309814453125 1118.780029296875 1120.7900390625 1130.47900390625
1021.4240112304688 1024.5009765625 1027.85595703125 1031.3599853515625 1035.39599609375 1038.196044921875 1040.10400390625 1042.60205078125 1045.833984375 1048.947021484375 1052.6949462890625 1055.279052734375 1058.1839599609375 1060.85498046875 1062.8900146484375 1063.7099609375 1064.3289794921875 1065.7030029296875 1067.572021484375 1069.467041015625 1072.1949462890625 1075.280029296875 1079.77099609375 1082.9549560546875 1084.0589599609375 1084.4029541015625 1082.8570556640625 1086.4010009765625 1085.822021484375 1081.260009765625 1079.43505859375 1078.2979736328125 1079.7099609375 1080.7869873046875 1084.0870361328125 1087.56005859375 1089.3709716796875 1097.39599609375 1113.123046875 1117.426025390625 1121.0660400390625 1129.7679443359375 1134.31005859375 1138.4110107421875
1016.1339721679688 1019.197998046875 1023.7849731445312 1028.487060546875 1031.407958984375 1033.3360595703125 1037.2869873046875 1039.906982421875 1042.616943359375 1045.5069580078125 1048.4200439453125 1050.91796875 1053.85595703125 1056.0240478515625 1057.864990234375 1059.16796875 1061.25 1063.4580078125 1065.614013671875 1068.333984375 1072.06103515625 1077.0460205078125 1080.0400390625 1079.68603515625 1078.7900390625 1077.7879638671875 1075.968017578125 1076.08203125 1075.375 1074.637939453125 1074.5179443359375 1076.0579833984375 1078.362060546875 1083.447998046875 1085.6820068359375 1090.529052734375 1096.6939697265625 1103.2030029296875 1111.217041015625 1123.6610107421875 1129.759033203125 1133.7249755859375 1136.6829833984375 1141.927001953125
1012.9860229492188 1016.3419799804688 1020.718017578125 1025.1820068359375 1028.3890380859375 1032.4990234375 1036.8759765625 1038.16796875 1040.0679931640625 1042.3890380859375 1046.0560302734375 1049.031982421875 1051.2159423828125 1053.5760498046875 1055.612060546875 1057.8809814453125 1060.281005859375 1062.5909423828125 1066.2530517578125 1072.876953125 1076.1500244140625 1078.511962890625 1077.68994140625 1075.383056640625 1075.0369873046875 1072.510009765625 1070.4410400390625 1069.93701171875 1070.0400390625 1071.4439697265625 1073.47900390625 1077.0849609375 1082.4110107421875 1085.27197265625 1094.259033203125 1099.1920166015625 1105.7320556640625 1114.280029296875 1122.52001953125 1129.6300048828125 1134.0870361328125 1139.032958984375 1142.56201171875 1146.6590576171875
1011.7369995117188 1016.9039916992188 1021.6019897460938 1024.657958984375 1029.7159423828125 1035.2679443359375 1038.866943359375 1039.386962890625 1039.759033203125 1044.1209716796875 1046.1080322265625 1048.1839599609375 1050.343017578125 1052.4339599609375 1056.3809814453125 1058.884033203125 1061.5379638671875 1065.0560302734375 1070.0419921875 1073.7010498046875 1075.906982421875 1077.3299560546875 1073.238037109375 1071.1190185546875 1069.323974609375 1068.157958984375 1067.23095703125 1066.625 1067.8349609375 1071.7760009765625 1075.3270263671875 1080.3759765625 1089.135986328125 1096.64794921875 1101.93701171875 1103.4200439453125 1114.2440185546875 1119.0150146484375 1129.8909912109375 1135.7120361328125 1137.989013671875 1142.2060546875 1145.8179931640625 1151.39794921875
1014.7130126953125 1019.635009765625 1021.64697265625 1024.5400390625 1031.364990234375 1036.8060302734375 1038.77001953125 1038.68701171875 1039.406005859375 1045.10400390625 1048.5360107421875 1049.8199462890625 1052.0570068359375 1057.406005859375 1061.261962890625 1065.2139892578125 1068.14599609375 1071.177001953125 1073.95703125 1074.302001953125 1073.0870361328125 1070.39404296875 1067.2030029296875 1063.8280029296875 1063.366943359375 1061.97802734375 1063.052978515625 1066.4840087890625 1068.81298828125 1073.425048828125 1078.43701171875 1085.4560546875 1095.60595703125 1103.1099853515625 1105.8740234375 1109.1109619140625 1120.77294921875 1126.0030517578125 1132.573974609375 1137.4310302734375 1141.718017578125 1146.927001953125 1152.5269775390625 1153.0830078125
1016.7509765625 1019.5250244140625 1021.552001953125 1024.615966796875 1031.927978515625 1037.7490234375 1039.3919677734375 1037.9859619140625 1040.3370361328125 1042.625 1047.135986328125 1051.1190185546875 1055.72900390625 1060.8170166015625 1066.5450439453125 1069.9830322265625 1072.6739501953125 1076.3179931640625 1076.68505859375 1074.2969970703125 1070.7950439453125 1065.9219970703125 1062.39501953125 1058.303955078125 1057.8690185546875 1059.9720458984375 1063.22900390625 1067.3199462890625 1072.1519775390625 1075.7359619140625 1086.10498046875 1092.2220458984375 1099.114990234375 1104.675048828125 1107.5450439453125 1118.14697265625 1122.9830322265625 1126.220947265625 1131.719970703125 1139.5030517578125 1145.031005859375 1149.7349853515625 1153.4520263671875 1156.5670166015625
1013.2949829101562 1017.8469848632812 1021.4210205078125 1025.0679931640625 1030.9239501953125 1035.260986328125 1037.6409912109375 1037.77294921875 1038.615966796875 1040.14697265625 1045.1490478515625 1049.7769775390625 1054.2889404296875 1063.9169921875 1064.166015625 1070.447998046875 1074.22705078125 1074.677001953125 1074.2080078125 1071.7080078125 1066.4659423828125 1060.5389404296875 1055.9549560546875 1054.031005859375 1057.5550537109375 1059.8179931640625 1064.3280029296875 1070.822021484375 1073.958984375 1080.2340087890625 1092.5240478515625 1097.448974609375 1100.7850341796875 1105.801025390625 1110.333984375 1115.926025390625 1123.1810302734375 1127.7139892578125 1134.177001953125 1142.7149658203125 1144.9649658203125 1149.8050537109375 1158.14404296875 1159.6510009765625
1010.5560302734375 1013.7219848632812 1015.6119995117188 1020.0919799804688 1024.509033203125 1027.7149658203125 1029.2840576171875 1029.6920166015625 1032.739013671875 1035.7509765625 1039.928955078125 1044.001953125 1048.10302734375 1059.31201171875 1068.1259765625 1070.0169677734375 1063.9429931640625 1069.10498046875 1070.010986328125 1068.22900390625 1063.2679443359375 1058.2779541015625 1053.2669677734375 1053.696044921875 1057.02294921875 1060.95703125 1066.9339599609375 1071.8160400390625 1078.7039794921875 1081.9150390625 1090.0340576171875 1097.3289794921875 1102.510986328125 1108.5799560546875 1114.8499755859375 1120.501953125 1124.8759765625 1130.60498046875 1135.529052734375 1145.27099609375 1144.614990234375 1151.85400390625 1158.010986328125 1161.9420166015625
1004.0830078125 1005.718017578125 1006.9329833984375 1013.7130126953125 1018.5759887695312 1018.2230224609375 1020.18798828125 1021.9180297851562 1025.5830078125 1029.7840576171875 1033.9949951171875 1038.2049560546875 1042.303955078125 1048.697021484375 1062.77197265625 1064.2750244140625 1063.866943359375 1065.5770263671875 1064.7459716796875 1063.5479736328125 1059.677001953125 1055.260986328125 1050.251953125 1053.864990234375 1058.1080322265625 1063.530029296875 1069.113037109375 1072.2459716796875 1079.9449462890625 1088.572021484375 1093.426025390625 1099.10205078125 1104.4029541015625 1110.612060546875 1116.363037109375 1121.68798828125 1127.3480224609375 1133.7840576171875 1138.239013671875 1146.0780029296875 1148.9639892578125 1155.719970703125 1161.366943359375 1167.571044921875
996.3604736328125 996.958984375 1000.4819946289062 1004.625 1009.1110229492188 1009.416015625 1011.3330078125 1015.6069946289062 1019.4199829101562 1023.4500122070312 1027.81298828125 1032.176025390625 1036.448974609375 1040.60595703125 1054.262939453125 1064.740966796875 1063.5159912109375 1060.6629638671875 1059.39599609375 1056.718017578125 1052.509033203125 1051.93994140625 1049.041015625 1052.6719970703125 1057.8790283203125 1063.5030517578125 1067.9649658203125 1074.06005859375 1081.741943359375 1089.8709716796875 1095.6070556640625 1100.4969482421875 1106.175048828125 1112.3260498046875 1117.7120361328125 1123.0670166015625 1128.5489501953125 1133.8399658203125 1141.7900390625 1148.2020263671875 1154.303955078125 1160.0899658203125 1166.636962890625 1171.720947265625
