test/files/esriiasc/dtm_flanginec.asc
NCOLS 355
NROWS 361
XLLCORNER 1637140.0
YLLCORNER 5110830.0
CELLSIZE 10.0
NODATA_VALUE -9999
[rows 300 to 319 of 361, columns 176 to 219 of 355]
1708.678955078125 1712.3990478515625 1717.343017578125 1722.7349853515625 1727.385009765625 1731.7850341796875 1735.531982421875 1739.987060546875 1744.8289794921875 1748.9129638671875 1752.8280029296875 1756.2659912109375 1761.427978515625 1765.8349609375 1771.5439453125 1777.08203125 1783.428955078125 1789.406982421875 1795.6180419921875 1801.6920166015625 1806.717041015625 1809.27197265625 1813.011962890625 1816.9110107421875 1820.593017578125 1823.6290283203125 1825.448974609375 1827.6810302734375 1828.3709716796875 1826.115966796875 1828.406005859375 1828.10205078125 1829.740966796875 1833.176025390625 1833.02197265625 1830.833984375 1831.219970703125 1829.7230224609375 1828.35205078125 1825.7030029296875 1821.2220458984375 1817.70703125 1813.9000244140625 1809.4000244140625
1715.208984375 1717.739013671875 1722.906982421875 1727.7550048828125 1733.27197265625 1736.64794921875 1741.0469970703125 1744.5689697265625 1747.3580322265625 1750.843994140625 1755.802001953125 1760.095947265625 1763.9620361328125 1767.6920166015625 1772.916015625 1778.1729736328125 1784.448974609375 1791.739013671875 1797.77001953125 1803.64599609375 1808.3809814453125 1811.5770263671875 1814.5889892578125 1818.626953125 1823.2659912109375 1826.029052734375 1828.8809814453125 1830.0999755859375 1831.7530517578125 1829.8909912109375 1829.6190185546875 1830.7039794921875 1834.531982421875 1836.386962890625 1836.8570556640625 1834.4520263671875 1834.2650146484375 1832.571044921875 1828.8740234375 1826.3819580078125 1822.6090087890625 1819.3509521484375 1814.947998046875 1811.0269775390625
1721.5699462890625 1723.925048828125 1727.7740478515625 1731.802001953125 1737.199951171875 1741.06298828125 1744.7359619140625 1748.375 1751.39794921875 1755.0789794921875 1759.41796875 1763.0439453125 1766.883056640625 1771.008056640625 1775.1309814453125 1780.0770263671875 1785.97802734375 1792.2080078125 1798.9949951171875 1805.8680419921875 1810.239990234375 1814.47900390625 1817.6949462890625 1820.9100341796875 1825.7679443359375 1829.529052734375 1831.3990478515625 1833.3690185546875 1833.404052734375 1832.948974609375 1832.198974609375 1834.4329833984375 1839.9739990234375 1839.8170166015625 1838.4169921875 1837.071044921875 1835.89794921875 1833.010009765625 1829.4449462890625 1827.3179931640625 1823.0340576171875 1820.1400146484375 1814.8070068359375 1812.3919677734375
1727.9019775390625 1730.0999755859375 1733.112060546875 1736.9759521484375 1740.2559814453125 1745.5140380859375 1749.696044921875 1753.5009765625 1756.7149658203125 1759.5419921875 1763.259033203125 1766.843017578125 1770.5350341796875 1774.5169677734375 1778.39501953125 1782.8360595703125 1788.14404296875 1794.5059814453125 1800.7249755859375 1807.407958984375 1812.427978515625 1816.8070068359375 1820.70703125 1824.18798828125 1828.2740478515625 1831.010986328125 1833.06201171875 1834.7340087890625 1834.875 1834.7099609375 1834.10498046875 1840.31005859375 1842.469970703125 1841.2650146484375 1841.802978515625 1838.699951171875 1836.4549560546875 1833.490966796875 1830.1240234375 1826.623046875 1824.0770263671875 1819.366943359375 1816.5040283203125 1813.282958984375
1733.1240234375 1736.1710205078125 1739.1590576171875 1742.1590576171875 1745.68603515625 1749.68603515625 1754.6199951171875 1758.7080078125 1761.4090576171875 1764.1650390625 1766.927001953125 1770.3609619140625 1773.83203125 1778.1490478515625 1782.2099609375 1785.98095703125 1791.41796875 1796.5789794921875 1802.9449462890625 1809.198974609375 1814.552001953125 1819.18505859375 1823.4029541015625 1827.2760009765625 1830.4010009765625 1833.0780029296875 1835.0169677734375 1835.781982421875 1836.280029296875 1835.405029296875 1836.0159912109375 1842.428955078125 1844.2430419921875 1843.8570556640625 1841.9990234375 1840.470947265625 1838.3590087890625 1833.93896484375 1832.4169921875 1828.06201171875 1824.468994140625 1820.0009765625 1818.4100341796875 1812.7259521484375
1736.572998046875 1740.2540283203125 1743.9739990234375 1746.6519775390625 1750.10498046875 1754.364013671875 1758.6280517578125 1762.2879638671875 1765.9139404296875 1769.197998046875 1771.5889892578125 1774.10595703125 1778.1529541015625 1782.2740478515625 1786.0369873046875 1789.406982421875 1795.5689697265625 1800.8189697265625 1806.073974609375 1811.991943359375 1816.8160400390625 1821.5460205078125 1826.0040283203125 1829.383056640625 1832.0589599609375 1834.2640380859375 1835.9990234375 1837.2459716796875 1836.843994140625 1836.718994140625 1837.43896484375 1843.282958984375 1844.8310546875 1844.157958984375 1842.365966796875 1841.7320556640625 1839.14794921875 1836.10205078125 1831.43603515625 1828.916015625 1825.0050048828125 1821.0699462890625 1816.5169677734375 1812.8919677734375
1739.072998046875 1743.51904296875 1747.1619873046875 1750.5369873046875 1754.68896484375 1758.821044921875 1762.8179931640625 1766.7760009765625 1769.7679443359375 1773.3299560546875 1776.0550537109375 1778.4530029296875 1782.1180419921875 1786.6710205078125 1789.89599609375 1793.468017578125 1799.6259765625 1804.5389404296875 1809.720947265625 1814.3790283203125 1819.1629638671875 1823.9439697265625 1828.0260009765625 1831.4150390625 1833.5679931640625 1835.6829833984375 1837.0240478515625 1837.9119873046875 1837.822998046875 1837.7879638671875 1838.7230224609375 1843.6319580078125 1846.2359619140625 1846.3690185546875 1844.0040283203125 1842.3890380859375 1840.1080322265625 1836.1090087890625 1832.3509521484375 1828.3900146484375 1824.4100341796875 1820.615966796875 1816.8690185546875 1811.762939453125
1740.5279541015625 1745.7860107421875 1749.9139404296875 1754.4229736328125 1758.8280029296875 1763.406982421875 1767.197021484375 1770.60400390625 1773.45703125 1776.5909423828125 1779.1180419921875 1781.9730224609375 1785.8819580078125 1789.782958984375 1793.666015625 1797.43505859375 1803.0880126953125 1808.1319580078125 1813.0870361328125 1817.6839599609375 1822.1009521484375 1827.2120361328125 1829.39794921875 1832.2239990234375 1834.677978515625 1836.4429931640625 1837.779052734375 1838.6199951171875 1838.66796875 1839.1180419921875 1840.114990234375 1844.824951171875 1847.740966796875 1848.302001953125 1845.237060546875 1843.008056640625 1840.68798828125 1836.18994140625 1831.906005859375 1827.8599853515625 1824.39794921875 1820.2569580078125 1816.39794921875 1812.1109619140625
1742.780029296875 1747.0560302734375 1752.0340576171875 1757.010009765625 1761.991943359375 1766.1910400390625 1770.5589599609375 1773.7550048828125 1777.1519775390625 1779.8199462890625 1782.1319580078125 1785.4720458984375 1789.011962890625 1793.6180419921875 1796.89794921875 1801.18701171875 1807.60400390625 1811.8160400390625 1816.2779541015625 1821.6600341796875 1824.886962890625 1828.6639404296875 1830.9830322265625 1833.76904296875 1835.8790283203125 1837.1610107421875 1838.008056640625 1838.3389892578125 1839.531982421875 1840.176025390625 1843.717041015625 1847.301025390625 1850.166015625 1848.9100341796875 1846.050048828125 1844.0009765625 1840.0350341796875 1835.8480224609375 1831.8699951171875 1827.6199951171875 1823.9210205078125 1820.27001953125 1816.0140380859375 1812.011962890625
1743.300048828125 1749.0479736328125 1753.904052734375 1758.6199951171875 1764.2080078125 1768.1319580078125 1772.26904296875 1775.489990234375 1779.280029296875 1781.9169921875 1785.3349609375 1788.718994140625 1792.22802734375 1796.68994140625 1801.6219482421875 1805.864990234375 1810.2889404296875 1814.0030517578125 1818.68994140625 1823.29296875 1826.9410400390625 1830.0989990234375 1832.7430419921875 1835.4029541015625 1837.115966796875 1838.4639892578125 1838.7850341796875 1839.050048828125 1840.2320556640625 1841.6500244140625 1845.279052734375 1848.9610595703125 1849.43505859375 1849.4000244140625 1845.8370361328125 1843.8280029296875 1840.0369873046875 1835.54296875 1831.5050048828125 1827.135986328125 1823.137939453125 1819.4200439453125 1815.406982421875 1811.303955078125
1743.612060546875 1750.0419921875 1755.6820068359375 1761.2640380859375 1765.52001953125 1768.9329833984375 1772.7259521484375 1776.7049560546875 1780.6070556640625 1784.612060546875 1787.6610107421875 1791.1669921875 1795.58203125 1800.531005859375 1804.8599853515625 1808.43505859375 1812.01904296875 1816.22900390625 1820.3389892578125 1824.7769775390625 1828.7469482421875 1831.3900146484375 1834.39404296875 1836.9139404296875 1838.3780517578125 1839.010986328125 1840.2840576171875 1840.612060546875 1841.1400146484375 1842.3499755859375 1847.72802734375 1848.1529541015625 1848.4820556640625 1847.989013671875 1846.1929931640625 1843.2989501953125 1839.510986328125 1835.302978515625 1831.0789794921875 1827.301025390625 1823.199951171875 1819.3370361328125 1814.9010009765625 1810.2330322265625
1744.949951171875 1750.7969970703125 1756.071044921875 1761.593994140625 1766.4610595703125 1769.52099609375 1773.4630126953125 1777.3260498046875 1781.696044921875 1785.6219482421875 1789.3179931640625 1793.8389892578125 1798.5760498046875 1802.968994140625 1806.6300048828125 1809.6650390625 1813.25 1817.4119873046875 1821.906982421875 1826.2640380859375 1830.18505859375 1832.7960205078125 1835.739990234375 1837.7039794921875 1838.906005859375 1840.4139404296875 1841.0169677734375 1842.4990234375 1844.239013671875 1843.717041015625 1848.2149658203125 1848.56005859375 1848.93896484375 1849.0469970703125 1847.822021484375 1843.3509521484375 1840.074951171875 1836.26904296875 1831.8089599609375 1827.6719970703125 1823.4510498046875 1819.43505859375 1814.0159912109375 1809.39697265625
1745.449951171875 1751.6529541015625 1756.8289794921875 1761.9639892578125 1766.3370361328125 1769.739990234375 1774.386962890625 1777.8909912109375 1782.3890380859375 1786.5899658203125 1791.219970703125 1795.6500244140625 1800.0670166015625 1804.8599853515625 1808.166015625 1810.7869873046875 1814.7449951171875 1818.4759521484375 1823.5870361328125 1827.9010009765625 1831.4329833984375 1834.113037109375 1836.5689697265625 1838.343994140625 1840.134033203125 1841.2469482421875 1841.72705078125 1842.5059814453125 1845.031982421875 1845.7130126953125 1847.7359619140625 1848.906982421875 1849.14599609375 1849.31005859375 1846.4310302734375 1843.4720458984375 1839.9229736328125 1836.4150390625 1832.1650390625 1827.958984375 1823.47802734375 1818.77099609375 1813.7469482421875 1807.989013671875
1745.06396484375 1751.4339599609375 1756.60400390625 1761.748046875 1766.322998046875 1770.116943359375 1774.333984375 1779.1080322265625 1782.8929443359375 1787.2740478515625 1791.9189453125 1796.552001953125 1801.801025390625 1805.85595703125 1809.2430419921875 1812.383056640625 1815.72900390625 1820.0789794921875 1824.5350341796875 1829.6490478515625 1832.428955078125 1835.343017578125 1837.7060546875 1840.0550537109375 1840.43505859375 1840.8280029296875 1841.39404296875 1842.8680419921875 1846.5400390625 1848.3570556640625 1846.8800048828125 1848.510009765625 1849.3709716796875 1849.1949462890625 1846.448974609375 1843.3990478515625 1841.052978515625 1836.612060546875 1833.196044921875 1828.85205078125 1823.510009765625 1817.791015625 1812.0760498046875 1806.7760009765625
1745.447998046875 1751.6600341796875 1756.760009765625 1761.8509521484375 1766.8389892578125 1770.8480224609375 1774.508056640625 1779.3929443359375 1784.1949462890625 1788.262939453125 1792.4610595703125 1797.4830322265625 1802.449951171875 1806.1259765625 1810.2860107421875 1813.9610595703125 1817.6510009765625 1821.3719482421875 1826.2769775390625 1831.3289794921875 1833.988037109375 1836.7669677734375 1839.7860107421875 1841.14404296875 1840.7900390625 1840.2080078125 1841.4310302734375 1845.52001953125 1848.625 1848.487060546875 1846.4749755859375 1848.760986328125 1850.7340087890625 1849.5889892578125 1846.114013671875 1843.56494140625 1840.3389892578125 1836.9169921875 1833.156982421875 1828.675048828125 1823.0570068359375 1817.219970703125 1810.7869873046875 1804.7530517578125
1745.8409423828125 1751.7740478515625 1757.490966796875 1763.010986328125 1766.39697265625 1770.970947265625 1775.0579833984375 1779.321044921875 1784.64599609375 1788.5279541015625 1793.5579833984375 1798.365966796875 1802.677001953125 1805.8919677734375 1810.626953125 1815.404052734375 1818.949951171875 1822.9549560546875 1827.5040283203125 1831.7760009765625 1835.178955078125 1838.509033203125 1840.9410400390625 1841.4300537109375 1841.2659912109375 1840.3790283203125 1843.14599609375 1847.8199462890625 1848.1290283203125 1847.8349609375 1846.18603515625 1845.9229736328125 1849.3599853515625 1847.883056640625 1845.998046875 1842.60498046875 1839.60302734375 1836.001953125 1832.22900390625 1827.4549560546875 1821.5899658203125 1815.3409423828125 1809.385009765625 1803.9200439453125
1744.64794921875 1750.35302734375 1756.8719482421875 1761.864013671875 1766.7139892578125 1770.93505859375 1776.1259765625 1779.7889404296875 1785.02197265625 1788.8260498046875 1793.8790283203125 1797.8470458984375 1802.1710205078125 1807.4830322265625 1811.592041015625 1815.5469970703125 1820.1600341796875 1823.5699462890625 1828.3470458984375 1832.43896484375 1835.7860107421875 1838.7249755859375 1840.7879638671875 1841.5050048828125 1842.4930419921875 1845.3819580078125 1846.77197265625 1845.7120361328125 1846.906982421875 1846.81298828125 1845.949951171875 1844.66796875 1846.291015625 1846.614990234375 1844.5760498046875 1841.762939453125 1839.050048828125 1835.137939453125 1830.7060546875 1826.33203125 1819.780029296875 1814.2740478515625 1808.468994140625 1804.0069580078125
1743.5830078125 1749.6510009765625 1756.2879638671875 1761.6280517578125 1766.906005859375 1771.387939453125 1775.6090087890625 1780.322021484375 1784.9339599609375 1789.31298828125 1793.636962890625 1798.6939697265625 1803.094970703125 1807.7320556640625 1812.1519775390625 1816.886962890625 1820.64599609375 1824.4100341796875 1829.0350341796875 1833.0050048828125 1836.6090087890625 1838.9510498046875 1841.154052734375 1843.18896484375 1846.051025390625 1847.7440185546875 1846.4560546875 1845.1839599609375 1844.68505859375 1845.175048828125 1844.6719970703125 1843.9129638671875 1845.3079833984375 1845.501953125 1843.208984375 1841.0240478515625 1838.22802734375 1834.3480224609375 1829.613037109375 1824.9560546875 1819.470947265625 1813.928955078125 1808.9329833984375 1804.0369873046875
1742.8489990234375 1749.595947265625 1755.5889892578125 1761.178955078125 1766.1910400390625 1771.5050048828125 1776.1619873046875 1780.9930419921875 1785.4849853515625 1789.4420166015625 1794.010986328125 1799.18994140625 1803.2340087890625 1807.3499755859375 1811.842041015625 1816.6429443359375 1820.844970703125 1825.260009765625 1829.6590576171875 1833.248046875 1836.802978515625 1839.8780517578125 1843.741943359375 1846.512939453125 1847.626953125 1847.6429443359375 1846.3380126953125 1844.9320068359375 1843.9189453125 1843.81494140625 1843.9329833984375 1843.2430419921875 1843.0579833984375 1843.9580078125 1842.126953125 1839.780029296875 1837.072998046875 1833.678955078125 1828.4029541015625 1824.5439453125 1818.8499755859375 1813.0980224609375 1807.1719970703125 1802.2330322265625
1741.0889892578125 1747.9150390625 1754.68994140625 1760.572998046875 1765.8690185546875 1771.72802734375 1776.925048828125 1780.594970703125 1785.531982421875 1790.623046875 1795.3599853515625 1799.68603515625 1803.9010009765625 1808.06494140625 1812.8089599609375 1816.824951171875 1821.008056640625 1825.666015625 1830.0889892578125 1834.39404296875 1840.2430419921875 1843.907958984375 1846.2020263671875 1847.3360595703125 1847.6510009765625 1846.927978515625 1846.1710205078125 1844.6619873046875 1843.4659423828125 1842.406005859375 1842.8809814453125 1842.531982421875 1841.72705078125 1842.261962890625 1840.5670166015625 1837.9129638671875 1836.095947265625 1831.9010009765625 1827.77197265625 1822.9219970703125 1817.5340576171875 1812.196044921875 1805.8780517578125 1799.5849609375
