test/files/esriiasc/dtm_flanginec.asc
NCOLS 355
NROWS 361
XLLCORNER 1637140.0
YLLCORNER 5110830.0
CELLSIZE 10.0
NODATA_VALUE -9999
[rows 180 to 199 of 361, columns 308 to 351 of 355]
1935.904052734375 1943.407958984375 1945.1400146484375 1945.9420166015625 1944.865966796875 1943.0550537109375 1943.22705078125 1944.43994140625 1946.1429443359375 1946.5360107421875 1945.3890380859375 1944.281005859375 1944.427001953125 1947.8809814453125 1950.157958984375 1947.301025390625 1942.89599609375 1944.8389892578125 1947.376953125 1952.6619873046875 1959.634033203125 1966.14599609375 1970.60595703125 1982.5579833984375 1988.259033203125 1991.1259765625 1990.4229736328125 1991.240966796875 1992.1500244140625 1994.375 1997.7989501953125 2002.4110107421875 2008.5169677734375 2014.404052734375 2018.3330078125 2023.1259765625 2026.718017578125 2031.0030517578125 2035.8330078125 2042.343017578125 2050.074951171875 2056.4609375 2063.4951171875 2071.160888671875
1937.93896484375 1942.6639404296875 1944.7740478515625 1944.2860107421875 1943.529052734375 1942.1650390625 1942.1280517578125 1942.5269775390625 1945.697021484375 1947.4520263671875 1946.7509765625 1945.0009765625 1943.405029296875 1945.0050048828125 1949.218994140625 1945.18798828125 1941.676025390625 1942.7320556640625 1947.0849609375 1953.5389404296875 1961.39599609375 1968.0030517578125 1978.0810546875 1980.9329833984375 1986.14697265625 1989.7939453125 1990.678955078125 1991.2550048828125 1994.0789794921875 1996.5780029296875 1999.791015625 2003.56201171875 2008.0789794921875 2012.9639892578125 2018.02294921875 2021.531005859375 2025.6429443359375 2030.45703125 2036.010986328125 2043.02099609375 2050.7470703125 2058.60791015625 2065.43310546875 2071.81103515625
1936.9229736328125 1938.2120361328125 1939.157958984375 1940.8389892578125 1941.093017578125 1940.5040283203125 1938.5909423828125 1939.1009521484375 1942.876953125 1947.010009765625 1946.720947265625 1945.8089599609375 1943.7099609375 1942.5810546875 1943.6290283203125 1941.612060546875 1940.5550537109375 1942.7159423828125 1946.8780517578125 1953.1500244140625 1960.6180419921875 1967.4219970703125 1976.2120361328125 1984.0760498046875 1989.998046875 1989.9730224609375 1990.68798828125 1992.2459716796875 1994.384033203125 1997.8089599609375 2001.3699951171875 2005.0980224609375 2009.2979736328125 2013.708984375 2017.5279541015625 2021.6090087890625 2025.9239501953125 2030.7779541015625 2036.3280029296875 2044.1190185546875 2052.833984375 2059.93798828125 2065.625 2072.422119140625
1932.7340087890625 1931.43505859375 1931.5 1932.6820068359375 1934.166015625 1935.885986328125 1935.136962890625 1936.9139404296875 1941.5400390625 1945.135986328125 1944.4320068359375 1944.196044921875 1942.678955078125 1941.3819580078125 1940.125 1938.8780517578125 1939.0970458984375 1940.43994140625 1945.4520263671875 1953.551025390625 1960.3690185546875 1966.239990234375 1976.1190185546875 1984.281982421875 1988.7769775390625 1990.0009765625 1989.364013671875 1991.51904296875 1994.2459716796875 1998.093017578125 2001.302001953125 2005.5789794921875 2010.7249755859375 2015.5360107421875 2019.0849609375 2023.2459716796875 2027.301025390625 2032.1739501953125 2037.251953125 2043.199951171875 2051.01708984375 2059.02294921875 2066.3330078125 2074.5869140625
1927.1920166015625 1925.6309814453125 1925.155029296875 1926.1829833984375 1928.0379638671875 1930.637939453125 1932.696044921875 1934.7640380859375 1941.0970458984375 1943.4630126953125 1942.56201171875 1941.8399658203125 1941.2099609375 1940.7640380859375 1938.73095703125 1937.9749755859375 1937.7969970703125 1938.3349609375 1945.2249755859375 1957.0340576171875 1961.885986328125 1966.3809814453125 1971.9200439453125 1983.720947265625 1987.9749755859375 1988.9599609375 1988.2149658203125 1990.2860107421875 1993.800048828125 1996.8270263671875 2000.376953125 2006.510009765625 2011.1199951171875 2014.988037109375 2019.0030517578125 2023.864990234375 2028.9119873046875 2033.5799560546875 2038.6390380859375 2044.112060546875 2052.177978515625 2059.428955078125 2067.8291015625 2074.33203125
1922.93994140625 1921.052001953125 1920.6300048828125 1921.4580078125 1923.780029296875 1926.93994140625 1930.1839599609375 1932.885986328125 1936.0400390625 1940.1729736328125 1940.1209716796875 1939.2120361328125 1938.886962890625 1938.5450439453125 1937.85498046875 1937.5460205078125 1938.083984375 1940.7640380859375 1943.8699951171875 1954.884033203125 1961.9169921875 1967.60595703125 1973.802978515625 1979.3050537109375 1986.133056640625 1985.9840087890625 1987.114013671875 1990.1719970703125 1993.60595703125 1998.43896484375 2002.7049560546875 2006.281005859375 2011.134033203125 2015.4339599609375 2019.89794921875 2024.3179931640625 2029.0179443359375 2034.3699951171875 2040.6669921875 2046.259033203125 2052.8359375 2061.722900390625 2070.051025390625 2076.639892578125
1919.2530517578125 1917.7760009765625 1915.696044921875 1917.008056640625 1920.135009765625 1925.3599853515625 1931.4029541015625 1930.8719482421875 1932.281982421875 1935.760986328125 1936.8299560546875 1936.10595703125 1936.9580078125 1936.52294921875 1935.9129638671875 1938.239990234375 1941.60400390625 1942.6429443359375 1945.383056640625 1950.39697265625 1961.447021484375 1967.512939453125 1974.6280517578125 1979.9100341796875 1984.4439697265625 1985.72900390625 1987.45703125 1989.7509765625 1994.7120361328125 1999.4599609375 2003.074951171875 2007.572998046875 2012.4119873046875 2017.3299560546875 2021.7750244140625 2026.1099853515625 2030.719970703125 2038.8179931640625 2042.7919921875 2050.551025390625 2058.06103515625 2062.5 2068.998046875 2075.27490234375
1916.8349609375 1914.9019775390625 1914.0050048828125 1914.6929931640625 1918.134033203125 1923.291015625 1923.761962890625 1927.803955078125 1928.27001953125 1932.177978515625 1933.8399658203125 1933.050048828125 1933.5169677734375 1934.634033203125 1936.6619873046875 1938.64697265625 1941.7099609375 1944.947021484375 1947.5860595703125 1951.3680419921875 1958.009033203125 1965.9530029296875 1973.3409423828125 1980.6829833984375 1985.06201171875 1986.3079833984375 1987.43701171875 1989.3399658203125 1997.58203125 2002.1510009765625 2005.85205078125 2008.844970703125 2012.3160400390625 2018.9200439453125 2024.2900390625 2029.593017578125 2033.9100341796875 2042.39599609375 2046.8399658203125 2054.10791015625 2063.0009765625 2066.48388671875 2072.886962890625 2077.7548828125
1914.324951171875 1913.1180419921875 1912.634033203125 1913.5400390625 1916.1650390625 1917.08203125 1918.0560302734375 1920.7159423828125 1920.56201171875 1923.1290283203125 1924.9990234375 1928.072021484375 1928.4620361328125 1931.9520263671875 1935.8819580078125 1939.02099609375 1942.06298828125 1945.1109619140625 1949.4329833984375 1953.133056640625 1957.5159912109375 1964.968017578125 1972.4339599609375 1980.0040283203125 1984.7030029296875 1986.531982421875 1988.1619873046875 1990.8929443359375 1997.64404296875 2003.0369873046875 2006.2860107421875 2010.43505859375 2015.14404296875 2020.404052734375 2026.4410400390625 2034.324951171875 2037.2139892578125 2042.8399658203125 2049.159912109375 2057.116943359375 2062.169921875 2068.467041015625 2074.759033203125 2081.416015625
1913.9599609375 1911.9300537109375 1911.0059814453125 1910.8680419921875 1913.08203125 1913.79296875 1914.6610107421875 1915.2469482421875 1916.06298828125 1917.3609619140625 1919.406005859375 1921.4019775390625 1929.427001953125 1933.5369873046875 1936.93896484375 1939.35498046875 1941.748046875 1948.0360107421875 1952.4560546875 1955.074951171875 1958.4969482421875 1964.2440185546875 1971.8299560546875 1978.2550048828125 1982.43701171875 1986.5179443359375 1989.6409912109375 1993.1090087890625 2000.4990234375 2001.178955078125 2004.386962890625 2009.6619873046875 2015.3800048828125 2021.4420166015625 2027.5479736328125 2034.0689697265625 2041.2779541015625 2045.030029296875 2051.256103515625 2057.197998046875 2063.5419921875 2070.875 2077.446044921875 2083.58203125
1912.9150390625 1910.8370361328125 1910.012939453125 1909.532958984375 1909.7659912109375 1910.60498046875 1911.4439697265625 1912.251953125 1913.0849609375 1914.9580078125 1922.051025390625 1927.39794921875 1932.300048828125 1937.4959716796875 1941.4759521484375 1945.68798828125 1945.3160400390625 1946.5279541015625 1955.196044921875 1958.6419677734375 1962.47705078125 1964.2359619140625 1969.9320068359375 1975.0059814453125 1979.2249755859375 1984.9110107421875 1990.18798828125 1993.8070068359375 1998.1519775390625 1998.636962890625 2004.18994140625 2010.373046875 2017.1629638671875 2023.39697265625 2029.447021484375 2034.593017578125 2043.9429931640625 2048.156005859375 2054.3798828125 2062.14111328125 2068.841064453125 2073.611083984375 2079.906005859375 2085.62890625
1913.030029296875 1911.677978515625 1910.35302734375 1909.02001953125 1906.8699951171875 1907.06005859375 1908.0250244140625 1909.7239990234375 1911.2039794921875 1916.666015625 1921.4620361328125 1931.56298828125 1936.0159912109375 1940.7020263671875 1944.85302734375 1947.623046875 1949.4090576171875 1948.8699951171875 1950.8780517578125 1959.7740478515625 1962.967041015625 1967.1419677734375 1969.0350341796875 1973.031005859375 1979.7569580078125 1985.2850341796875 1988.52294921875 1992.092041015625 1994.2979736328125 1998.154052734375 2004.136962890625 2013.093994140625 2019.56298828125 2025.39697265625 2031.260009765625 2037.5140380859375 2046.14501953125 2054.22998046875 2058.132080078125 2062.81494140625 2069.425048828125 2075.14501953125 2080.950927734375 2086.758056640625
1914.708984375 1915.095947265625 1913.1829833984375 1908.552001953125 1906.2010498046875 1905.1820068359375 1906.3399658203125 1908.2559814453125 1910.8800048828125 1915.0400390625 1921.362060546875 1930.8280029296875 1937.2030029296875 1942.510009765625 1946.9859619140625 1952.989013671875 1953.6400146484375 1954.4150390625 1954.1719970703125 1955.406982421875 1958.9410400390625 1965.2869873046875 1970.3489990234375 1973.9849853515625 1978.968017578125 1984.866943359375 1988.8489990234375 1991.2569580078125 1995.738037109375 1998.821044921875 2004.7159423828125 2012.7740478515625 2020.5980224609375 2028.5030517578125 2035.3499755859375 2039.7259521484375 2049.322998046875 2056.162109375 2060.81591796875 2065.201904296875 2070.738037109375 2076.5439453125 2082.35107421875 2087.592041015625
1916.322998046875 1915.7320556640625 1913.2030029296875 1907.737060546875 1904.6419677734375 1903.406982421875 1905.1810302734375 1907.583984375 1911.4930419921875 1917.0679931640625 1923.9339599609375 1931.0810546875 1939.2569580078125 1944.9410400390625 1950.654052734375 1953.9000244140625 1956.9119873046875 1959.491943359375 1958.9859619140625 1961.0989990234375 1961.469970703125 1964.5860595703125 1968.324951171875 1972.8780517578125 1977.779052734375 1981.9429931640625 1986.5179443359375 1991.4539794921875 1995.72802734375 2000.2459716796875 2005.1629638671875 2013.239990234375 2021.3929443359375 2030.2490234375 2035.2430419921875 2040.2540283203125 2047.949951171875 2055.117919921875 2060.0009765625 2066.3310546875 2071.097900390625 2075.708984375 2080.321044921875 2085.52001953125
1914.9339599609375 1911.97802734375 1909.469970703125 1906.573974609375 1901.97998046875 1904.3189697265625 1907.114990234375 1910.470947265625 1914.8890380859375 1920.050048828125 1926.1259765625 1932.7860107421875 1937.7330322265625 1944.616943359375 1951.001953125 1957.969970703125 1960.3719482421875 1961.8719482421875 1962.8399658203125 1962.343017578125 1965.262939453125 1969.4759521484375 1973.583984375 1978.0419921875 1980.35205078125 1982.22802734375 1986.373046875 1991.22802734375 1995.5830078125 1999.5830078125 2005.02099609375 2013.612060546875 2020.7139892578125 2027.35302734375 2032.637939453125 2038.052001953125 2044.0050048828125 2051.47509765625 2059.132080078125 2063.615966796875 2068.22705078125 2073.64111328125 2080.14306640625 2086.552001953125
1907.1259765625 1903.3089599609375 1903.8509521484375 1895.5999755859375 1891.6590576171875 1905.47998046875 1912.3349609375 1915.4219970703125 1918.3570556640625 1922.0909423828125 1927.85498046875 1933.4439697265625 1939.9990234375 1947.697998046875 1954.4000244140625 1958.7149658203125 1962.0389404296875 1964.8280029296875 1966.3289794921875 1965.4940185546875 1966.9429931640625 1969.0689697265625 1973.64599609375 1978.89404296875 1983.2879638671875 1987.0069580078125 1988.9189453125 1993.2960205078125 1996.4969482421875 2001.8909912109375 2005.9000244140625 2011.0489501953125 2017.56201171875 2023.7130126953125 2030.8900146484375 2036.2979736328125 2041.4300537109375 2049.256103515625 2056.134033203125 2061.782958984375 2068.220947265625 2074.6298828125 2081.0380859375 2088.06298828125
1901.8399658203125 1897.9320068359375 1889.8570556640625 1887.803955078125 1896.58203125 1906.6829833984375 1916.280029296875 1920.2030029296875 1922.280029296875 1925.73095703125 1929.54296875 1935.4539794921875 1942.157958984375 1951.64599609375 1959.39599609375 1963.010986328125 1966.9759521484375 1969.050048828125 1969.489990234375 1969.904052734375 1971.1290283203125 1972.8809814453125 1976.1300048828125 1983.4000244140625 1984.8260498046875 1988.5360107421875 1993.2239990234375 1994.43798828125 1998.6290283203125 2004.3709716796875 2009.7509765625 2014.27001953125 2018.51904296875 2024.02099609375 2031.2989501953125 2038.926025390625 2042.6319580078125 2047.697998046875 2056.300048828125 2062.7080078125 2069.115966796875 2075.52392578125 2081.998046875 2088.60302734375
1896.14794921875 1886.7449951171875 1883.1619873046875 1889.5389404296875 1897.364013671875 1906.1180419921875 1919.4730224609375 1922.9969482421875 1926.803955078125 1929.0989990234375 1931.926025390625 1937.2989501953125 1944.4749755859375 1953.8079833984375 1961.72802734375 1967.1240234375 1969.656982421875 1970.7679443359375 1971.7440185546875 1973.6180419921875 1976.176025390625 1978.843994140625 1980.623046875 1984.10400390625 1989.343994140625 1991.2010498046875 1996.260009765625 2000.279052734375 2000.3800048828125 2006.208984375 2011.6429443359375 2015.60400390625 2020.4820556640625 2026.196044921875 2034.7259521484375 2040.56201171875 2044.4530029296875 2049.964111328125 2058.04296875 2063.60205078125 2070.010009765625 2076.389892578125 2083.48291015625 2091.135986328125
1885.9840087890625 1881.281005859375 1882.5360107421875 1891.656982421875 1898.2020263671875 1908.123046875 1919.031005859375 1925.3280029296875 1930.2960205078125 1931.39697265625 1934.0479736328125 1938.448974609375 1945.7659912109375 1954.9520263671875 1962.967041015625 1967.48095703125 1970.0439453125 1972.8929443359375 1974.9930419921875 1978.883056640625 1982.362060546875 1984.345947265625 1986.56494140625 1986.4310302734375 1991.2239990234375 1993.238037109375 1996.93701171875 2000.969970703125 2005.93603515625 2011.427001953125 2013.176025390625 2016.8819580078125 2021.1820068359375 2028.1839599609375 2035.18603515625 2042.2550048828125 2046.3909912109375 2051.716064453125 2059.56494140625 2064.49609375 2071.114990234375 2078.364013671875 2086.073974609375 2092.927001953125
1881.467041015625 1877.5980224609375 1881.81103515625 1889.60302734375 1896.95703125 1911.4150390625 1923.4639892578125 1928.9940185546875 1933.0810546875 1935.030029296875 1935.011962890625 1939.009033203125 1944.81298828125 1951.5989990234375 1961.8690185546875 1967.4429931640625 1970.261962890625 1973.7860107421875 1979.509033203125 1982.6700439453125 1987.237060546875 1990.8199462890625 1990.9549560546875 1990.302978515625 1993.7889404296875 1997.739990234375 1999.93701171875 2004.5860595703125 2009.1300048828125 2014.2509765625 2018.904052734375 2024.06396484375 2025.93505859375 2032.8590087890625 2039.8310546875 2044.759033203125 2049.283935546875 2054.39404296875 2059.6669921875 2065.99609375 2073.446044921875 2081.011962890625 2088.1240234375 2095.06005859375
