test/files/esriiasc/dtm_flanginec.asc
NCOLS 355
NROWS 361
XLLCORNER 1637140.0
YLLCORNER 5110830.0
CELLSIZE 10.0
NODATA_VALUE -9999
[rows 200 to 219 of 361, columns 88 to 131 of 355]
1343.1700439453125 1345.885009765625 1349.1710205078125 1351.907958984375 1354.8890380859375 1357.197021484375 1358.9530029296875 1361.0489501953125 1362.75 1364.656005859375 1366.31201171875 1365.489013671875 1364.9649658203125 1365.258056640625 1361.073974609375 1358.1700439453125 1356.0870361328125 1351.6190185546875 1346.083984375 1341.0350341796875 1336.68798828125 1333.5679931640625 1332.0279541015625 1336.9150390625 1339.4000244140625 1336.0050048828125 1330.1429443359375 1324.7750244140625 1320.9620361328125 1316.489990234375 1310.237060546875 1306.06396484375 1290.1490478515625 1274.7259521484375 1272.719970703125 1283.0880126953125 1294.6180419921875 1301.1739501953125 1309.3280029296875 1316.5030517578125 1323.5579833984375 1330.1309814453125 1334.633056640625 1338.8260498046875
1341.2130126953125 1343.7879638671875 1346.7349853515625 1349.8709716796875 1352.72998046875 1354.8480224609375 1357.0069580078125 1359.1519775390625 1361.18798828125 1363.10498046875 1363.489990234375 1363.2359619140625 1363.5799560546875 1362.06494140625 1358.3160400390625 1353.2840576171875 1350.916015625 1346.7060546875 1341.801025390625 1335.407958984375 1331.6219482421875 1328.1529541015625 1328.8349609375 1334.009033203125 1334.363037109375 1330.52197265625 1324.8360595703125 1318.8599853515625 1314.3599853515625 1310.385009765625 1303.5450439453125 1295.863037109375 1284.6009521484375 1270.4449462890625 1275.1610107421875 1287.280029296875 1297.68798828125 1304.97998046875 1312.5379638671875 1318.781982421875 1328.0789794921875 1334.824951171875 1337.89501953125 1341.5789794921875
1339.93505859375 1342.2840576171875 1345.281005859375 1347.8759765625 1350.5849609375 1352.970947265625 1355.031005859375 1357.4949951171875 1359.4969482421875 1360.64404296875 1360.093994140625 1358.8580322265625 1357.9329833984375 1354.1939697265625 1352.490966796875 1348.717041015625 1343.68994140625 1340.5260009765625 1335.3709716796875 1330.4429931640625 1326.675048828125 1325.02001953125 1325.5240478515625 1329.343994140625 1329.3160400390625 1325.8800048828125 1321.2049560546875 1314.5260009765625 1306.93994140625 1300.3709716796875 1294.7020263671875 1288.7349853515625 1280.7979736328125 1270.0469970703125 1272.4019775390625 1285.3570556640625 1295.498046875 1304.3389892578125 1312.626953125 1321.2149658203125 1329.324951171875 1333.676025390625 1337.0059814453125 1338.425048828125
1338.6219482421875 1341.2469482421875 1344.3160400390625 1346.6510009765625 1348.7099609375 1350.905029296875 1353.123046875 1355.876953125 1357.9169921875 1357.633056640625 1357.10205078125 1355.02001953125 1351.9420166015625 1348.3900146484375 1347.2440185546875 1343.9830322265625 1338.3370361328125 1333.7509765625 1329.262939453125 1324.845947265625 1321.2779541015625 1320.3590087890625 1323.3819580078125 1326.8509521484375 1324.4599609375 1320.7569580078125 1315.3929443359375 1309.0670166015625 1300.6219482421875 1293.3699951171875 1284.7060546875 1277.4560546875 1270.85400390625 1266.9749755859375 1273.97998046875 1285.1529541015625 1295.052978515625 1305.178955078125 1313.4150390625 1320.8489990234375 1325.8330078125 1327.85498046875 1330.237060546875 1333.220947265625
1337.5479736328125 1339.9739990234375 1342.718017578125 1344.9019775390625 1347.2039794921875 1349.3389892578125 1351.7340087890625 1354.0770263671875 1356.64404296875 1355.06396484375 1353.1190185546875 1350.52099609375 1348.5159912109375 1345.4300537109375 1343.7640380859375 1337.343994140625 1333.7330322265625 1326.740966796875 1323.0260009765625 1318.5150146484375 1316.8719482421875 1316.4189453125 1320.9530029296875 1322.927978515625 1318.4300537109375 1313.8199462890625 1309.2110595703125 1303.3990478515625 1294.4840087890625 1286.489013671875 1276.6290283203125 1268.113037109375 1262.8170166015625 1266.89794921875 1277.989990234375 1288.3270263671875 1298.43798828125 1306.510986328125 1314.1190185546875 1317.009033203125 1319.6309814453125 1321.8570556640625 1324.781982421875 1328.8160400390625
1337.009033203125 1339.0830078125 1341.8890380859375 1343.8370361328125 1346.3070068359375 1348.530029296875 1351.0770263671875 1353.758056640625 1353.9310302734375 1351.7550048828125 1349.7919921875 1348.364990234375 1342.60498046875 1338.3790283203125 1333.7669677734375 1330.873046875 1328.0140380859375 1321.5050048828125 1316.8680419921875 1314.1529541015625 1311.7430419921875 1313.3609619140625 1318.5240478515625 1320.85302734375 1315.720947265625 1309.571044921875 1303.0379638671875 1296.708984375 1287.6309814453125 1278.7669677734375 1268.7889404296875 1261.0849609375 1264.386962890625 1271.0069580078125 1282.6219482421875 1293.708984375 1297.248046875 1303.9560546875 1309.925048828125 1311.4820556640625 1314.06103515625 1318.2060546875 1322.8609619140625 1328.593994140625
1335.9189453125 1337.696044921875 1340.2760009765625 1342.501953125 1345.5009765625 1348.06396484375 1351.137939453125 1353.135986328125 1351.323974609375 1348.22900390625 1347.708984375 1344.27099609375 1339.18701171875 1332.2960205078125 1327.614990234375 1324.2249755859375 1322.2340087890625 1315.27099609375 1312.030029296875 1309.1590576171875 1307.8399658203125 1312.2020263671875 1317.0389404296875 1318.3900146484375 1313.0140380859375 1306.510986328125 1299.7530517578125 1291.27099609375 1282.572998046875 1273.875 1264.8489990234375 1258.501953125 1270.5040283203125 1276.531982421875 1284.5350341796875 1291.9029541015625 1296.3160400390625 1300.1009521484375 1304.52001953125 1307.738037109375 1313.041015625 1319.1070556640625 1324.64599609375 1331.2760009765625
1335.279052734375 1336.73095703125 1339.0889892578125 1341.4859619140625 1344.458984375 1347.4029541015625 1350.4150390625 1349.6800537109375 1348.1109619140625 1343.904052734375 1341.18701171875 1337.385986328125 1331.883056640625 1326.553955078125 1320.637939453125 1316.9949951171875 1313.18896484375 1311.262939453125 1306.9169921875 1304.7550048828125 1304.39794921875 1308.3800048828125 1312.4019775390625 1315.240966796875 1310.074951171875 1303.717041015625 1296.6319580078125 1287.9510498046875 1278.5980224609375 1269.8990478515625 1261.10302734375 1258.802978515625 1266.54296875 1276.5 1283.5069580078125 1291.1590576171875 1294.8470458984375 1300.010009765625 1304.3310546875 1317.2039794921875 1323.1839599609375 1325.70703125 1328.93994140625 1335.2769775390625
1333.748046875 1335.8289794921875 1337.9200439453125 1341.052978515625 1343.5389404296875 1346.218994140625 1348.5799560546875 1347.06005859375 1346.0050048828125 1341.136962890625 1336.8179931640625 1331.3089599609375 1326.6280517578125 1320.635986328125 1315.2669677734375 1312.4189453125 1308.1729736328125 1305.468994140625 1302.4449462890625 1300.31103515625 1300.18994140625 1304.4000244140625 1310.458984375 1311.779052734375 1306.8909912109375 1300.5040283203125 1293.4420166015625 1286.1600341796875 1276.5279541015625 1266.89599609375 1257.2640380859375 1260.220947265625 1268.5379638671875 1277.9300537109375 1284.0849609375 1290.06298828125 1295.8900146484375 1304.6510009765625 1311.85205078125 1325.04296875 1328.987060546875 1328.864990234375 1334.073974609375 1338.4610595703125
1331.3289794921875 1334.3370361328125 1337.0469970703125 1339.5159912109375 1342.385986328125 1345.2359619140625 1343.9300537109375 1344.7120361328125 1340.8299560546875 1337.0450439453125 1332.251953125 1327.927001953125 1321.3060302734375 1315.3809814453125 1311.47802734375 1307.3570556640625 1303.467041015625 1301.251953125 1297.0040283203125 1296.0350341796875 1297.31103515625 1303.0889892578125 1309.031005859375 1306.998046875 1303.1700439453125 1296.7120361328125 1290.251953125 1283.60400390625 1274.737060546875 1264.8570556640625 1255.0379638671875 1257.0760498046875 1268.4239501953125 1277.762939453125 1284.7540283203125 1288.175048828125 1295.3170166015625 1308.9119873046875 1315.9100341796875 1319.447021484375 1324.5989990234375 1330.4210205078125 1335.1400146484375 1338.123046875
1329.6529541015625 1333.64697265625 1336.508056640625 1338.56396484375 1341.8179931640625 1342.0880126953125 1341.553955078125 1339.6619873046875 1335.8819580078125 1331.6390380859375 1327.7080078125 1321.6309814453125 1316.1669921875 1310.56005859375 1306.9420166015625 1302.239990234375 1301.364013671875 1296.98095703125 1294.970947265625 1293.3179931640625 1294.8399658203125 1300.6240234375 1305.5699462890625 1302.31396484375 1297.762939453125 1294.31298828125 1286.9730224609375 1281.4100341796875 1272.8160400390625 1260.552001953125 1253.6319580078125 1252.887939453125 1265.5799560546875 1275.4649658203125 1281.1190185546875 1285.946044921875 1297.9859619140625 1300.251953125 1312.926025390625 1316.8170166015625 1323.8680419921875 1326.7879638671875 1330.508056640625 1334.3719482421875
1327.5560302734375 1332.31494140625 1335.6949462890625 1338.449951171875 1339.6700439453125 1338.4720458984375 1336.6300048828125 1333.907958984375 1332.4169921875 1328.6689453125 1323.550048828125 1317.780029296875 1311.552978515625 1308.614990234375 1303.008056640625 1299.60205078125 1295.81103515625 1293.739990234375 1291.4300537109375 1289.83203125 1292.8179931640625 1298.39404296875 1301.4119873046875 1297.5389404296875 1292.2020263671875 1287.906005859375 1284.616943359375 1278.7120361328125 1268.9630126953125 1259.0240478515625 1249.8590087890625 1254.6810302734375 1262.7879638671875 1267.0369873046875 1272.666015625 1284.469970703125 1295.748046875 1303.1409912109375 1308.7530517578125 1315.6949462890625 1325.0369873046875 1324.927001953125 1326.1500244140625 1328.0040283203125
1325.93603515625 1329.7760009765625 1333.2349853515625 1335.7740478515625 1337.68505859375 1336.68798828125 1333.635009765625 1327.2969970703125 1326.48095703125 1326.552001953125 1323.156005859375 1317.6610107421875 1311.6419677734375 1307.198974609375 1300.2919921875 1296.0579833984375 1292.782958984375 1290.4549560546875 1288.2919921875 1287.0980224609375 1290.322021484375 1296.0889892578125 1298.114013671875 1293.2850341796875 1287.7459716796875 1282.18896484375 1279.27099609375 1274.8280029296875 1264.907958984375 1253.7669677734375 1248.094970703125 1249.2769775390625 1255.6590576171875 1262.2840576171875 1270.7969970703125 1277.365966796875 1287.20703125 1295.4410400390625 1300.9329833984375 1315.47900390625 1317.6639404296875 1316.8070068359375 1320.0550537109375 1324.7010498046875
1324.9449462890625 1327.676025390625 1330.125 1332.1600341796875 1334.4119873046875 1331.2220458984375 1329.9219970703125 1325.9610595703125 1323.345947265625 1321.3990478515625 1319.8070068359375 1316.4610595703125 1312.4840087890625 1307.2650146484375 1301.4630126953125 1295.26904296875 1290.0379638671875 1287.5169677734375 1285.68603515625 1284.404052734375 1288.4530029296875 1294.092041015625 1297.073974609375 1290.928955078125 1284.386962890625 1278.8489990234375 1271.8199462890625 1269.626953125 1260.4010009765625 1251.77294921875 1246.259033203125 1246.5419921875 1254.612060546875 1265.1219482421875 1273.491943359375 1280.27294921875 1287.8480224609375 1294.447998046875 1300.125 1305.89404296875 1311.612060546875 1315.782958984375 1321.4959716796875 1327.02294921875
1329.6529541015625 1332.1519775390625 1333.5159912109375 1333.468017578125 1330.72998046875 1327.06201171875 1324.8890380859375 1319.18994140625 1319.4090576171875 1316.133056640625 1315.740966796875 1313.4420166015625 1309.030029296875 1304.3599853515625 1300.4019775390625 1294.123046875 1288.18505859375 1284.6650390625 1282.2650146484375 1281.3590087890625 1284.9930419921875 1291.041015625 1291.7939453125 1287.0980224609375 1281.3599853515625 1274.14697265625 1264.9830322265625 1263.2659912109375 1247.43896484375 1244.9560546875 1242.9010009765625 1245.02099609375 1253.9530029296875 1264.1109619140625 1272.6939697265625 1282.9210205078125 1291.5269775390625 1300.218017578125 1305.18798828125 1309.989990234375 1314.1290283203125 1320.509033203125 1325.875 1331.5989990234375
1331.6949462890625 1334.47705078125 1335.1920166015625 1334.0009765625 1329.39794921875 1322.7120361328125 1317.0369873046875 1310.9539794921875 1310.64794921875 1307.5970458984375 1307.8370361328125 1308.0860595703125 1305.8499755859375 1302.8270263671875 1297.3199462890625 1291.85400390625 1285.948974609375 1281.93505859375 1279.5260009765625 1278.4139404296875 1282.407958984375 1288.822998046875 1286.0150146484375 1281.7900390625 1274.7449951171875 1267.0269775390625 1256.4139404296875 1246.5980224609375 1237.7530517578125 1239.1689453125 1241.7159423828125 1247.9830322265625 1255.7530517578125 1265.56298828125 1277.7989501953125 1285.7049560546875 1294.8089599609375 1304.5369873046875 1310.1400146484375 1315.3470458984375 1318.199951171875 1323.0040283203125 1328.52197265625 1334.6319580078125
1330.4820556640625 1334.166015625 1335.218994140625 1331.614013671875 1326.0059814453125 1319.324951171875 1312.3280029296875 1306.0689697265625 1300.5699462890625 1299.427978515625 1300.8270263671875 1302.741943359375 1303.093994140625 1302.259033203125 1298.9849853515625 1292.7320556640625 1286.529052734375 1281.032958984375 1276.416015625 1275.2989501953125 1279.93603515625 1282.238037109375 1280.7939453125 1276.39794921875 1268.7969970703125 1262.39794921875 1251.9530029296875 1239.6519775390625 1237.5699462890625 1241.9560546875 1246.906982421875 1252.7889404296875 1263.363037109375 1269.9969482421875 1278.7540283203125 1290.0340576171875 1298.4219970703125 1307.2559814453125 1314.4530029296875 1319.302001953125 1323.3199462890625 1326.842041015625 1330.66796875 1336.4410400390625
1329.52001953125 1332.948974609375 1331.8260498046875 1327.4820556640625 1322.384033203125 1316.10302734375 1308.678955078125 1301.60595703125 1296.7969970703125 1294.343017578125 1293.43603515625 1295.7330322265625 1298.490966796875 1300.02197265625 1298.8179931640625 1292.5589599609375 1286.333984375 1280.116943359375 1274.6519775390625 1273.1209716796875 1275.926025390625 1275.6529541015625 1275.572021484375 1270.448974609375 1263.467041015625 1257.2120361328125 1247.469970703125 1236.428955078125 1237.498046875 1246.6920166015625 1252.5179443359375 1260.6590576171875 1272.093017578125 1278.1190185546875 1285.7939453125 1293.5469970703125 1301.0589599609375 1308.927978515625 1315.8780517578125 1323.1739501953125 1329.47998046875 1333.0389404296875 1335.946044921875 1339.446044921875
1328.0699462890625 1330.6829833984375 1327.958984375 1324.1600341796875 1318.43896484375 1312.0389404296875 1305.7879638671875 1298.1199951171875 1292.4649658203125 1288.675048828125 1286.5069580078125 1288.364990234375 1291.7440185546875 1294.2840576171875 1296.530029296875 1291.72998046875 1284.6700439453125 1278.1710205078125 1273.1700439453125 1270.010009765625 1273.4830322265625 1270.6689453125 1270.4200439453125 1264.5350341796875 1257.35302734375 1248.1910400390625 1239.3759765625 1232.7220458984375 1241.071044921875 1251.5240478515625 1260.1529541015625 1268.1109619140625 1275.25 1280.9849853515625 1289.365966796875 1294.800048828125 1302.260009765625 1310.0760498046875 1316.7320556640625 1324.7659912109375 1330.9200439453125 1337.2960205078125 1341.6290283203125 1344.6949462890625
1325.0009765625 1327.2559814453125 1325.345947265625 1322.260009765625 1315.02197265625 1308.958984375 1301.8909912109375 1294.8470458984375 1289.4110107421875 1284.4520263671875 1281.886962890625 1282.3199462890625 1285.0 1288.8349609375 1291.1689453125 1289.3270263671875 1283.5419921875 1276.1689453125 1270.2239990234375 1267.5050048828125 1270.2010498046875 1267.7679443359375 1265.333984375 1257.501953125 1248.029052734375 1239.0250244140625 1231.4449462890625 1232.3409423828125 1245.68701171875 1255.1810302734375 1263.780029296875 1270.1180419921875 1275.75 1281.35595703125 1285.821044921875 1293.9150390625 1300.0830078125 1306.573974609375 1315.5140380859375 1323.0340576171875 1331.81005859375 1339.1629638671875 1344.4510498046875 1349.6390380859375
